5	33951693
15	48426484
8	145639681
20	62173925
2	109513601
7	142481807
2	72707874
17	58508582
8	10480377
18	67871343
15	25488786
11	61058867
17	29298304
17	19247075
1	159175354
14	90429749
21	42551130
1	207782889
2	73680508
17	19015826
22	40815089
6	10687746
3	188327555
1	1249187
22	46761497
8	145223288
20	30193538
22	46652959
16	31099011
15	64508763
4	159601676
12	65269047
11	100847069
1	173596273
22	46501355
17	58786625
1	1638994
15	45392075
14	57741550
6	132172368
7	98870997
12	11244725
7	107696289
4	42003671
15	42149506
17	62018164
11	6587228
2	3691548
12	123645803
16	48258198
4	38798648
4	100239319
3	138347957
12	88380094
5	72743925
3	3197918
9	127262802
6	105821449
19	14582468
3	66550762
3	44692564
15	63954029
17	62820746
5	150718462
17	62492582
14	77926011
1	1361641
17	73268801
17	36453208
8	30702602
1	207106478
14	69703158
2	97493877
9	117110112
16	48122582
20	2097688
3	12613866
16	67265360
17	48452776
2	237123104
1	175087729
17	39659913
16	82033612
12	56755058
18	67718688
1	160650913
2	73829372
9	125920376
11	284299
11	4471276
15	52534344
15	42981806
19	33605312
10	116073696
2	192279327
16	75574030
19	55824332
16	67691668
22	25045947
1	11205058
16	2138269
7	27196113
2	74641624
16	30536672
4	6303354
14	106053322
8	80941997
1	156556321
7	5460550
10	22675857
5	132083458
7	98984399
1	207269919
1	6533393
2	220466199
1	204438643
2	220197388
3	123411589
17	3627619
10	15145855
5	37333727
19	3543397
1	156106185
1	247150740
19	4028783
3	108188993
12	22602796
11	120107411
1	35900615
3	58118555
17	79617871
2	44209477
10	55955444
16	89836323
15	91452595
4	135121601
1	36359669
1	234606998
22	42912106
15	52901284
1	156848995
10	55582905
16	722548
10	95168634
15	28197037
2	135911422
15	23259512
12	112191641
2	216272907
1	35657874
12	112460147
12	112337874
12	112703732
15	28596057
12	112037000
14	106236128
17	7754993
1	62579907
19	30192475
1	169519112
9	26892654
5	10282396
3	50197092
2	136407479
3	50327429
22	43435812
5	167850748
1	169366516
2	74756176
1	47607851
8	66620359
19	55237677
1	1987993
6	170070723
17	42152103
11	126228403
20	31386449
7	24758795
16	65561
5	178951598
1	153012765
16	57068106
13	50283819
11	2329995
16	20561190
6	145051594
3	107096547
16	89724313
2	179644855
15	79045521
10	74268031
16	70010432
21	42824733
15	40581543
1	53250650
12	72307616
2	29152456
7	44924627
8	11416428
19	35719257
2	26653457
19	43529027
19	43702342
15	65157482
9	26116150
8	82357112
2	242141719
5	172447762
22	42538670
9	88356743
16	22262514
6	170190659
9	90588903
16	29395453
5	142421415
1	209800230
1	155030557
1	1133077
16	75728368
1	75175886
1	36225948
3	112185025
3	130124491
6	127768472
7	99145845
1	151372138
10	696237
1	29475394
3	10302172
4	75023709
14	94464489
11	64591972
14	55655692
15	28953412
17	7592168
6	170597305
20	1457910
7	16129153
8	144775871
2	101186088
11	67171736
11	61579427
15	41190989
2	174103160
2	165424837
18	70209321
2	228565656
22	43610207
22	26422980
15	68612556
